200 169
944791 944791
58451 32198
671963 109634
641261 285994
640166 853224
809541 583936
700164 58451
829480 459815
1420 466043
126697 501713
739296 553689
737840 218781
847811 567055
139002 700164
498982 886128
937395 640166
707472 476360
583936 171997
886128 687601
580209 934986
624698 1197
507262 249348
665762 624698
493500 887493
276718 829480
458395 940333
294788 452365
567016 139002
426025 739296
675155 96839
888256 342939
490205 891264
535320 384491
950876 210102
342939 974782
96839 458395
597565 39424
210102 950876
608527 737840
437920 832089
687601 426152
354667 386307
999415 163355
163355 284499
808307 282645
37076 399090
10545 359198
486158 733444
337666 675155
567055 580209
520296 470150
531713 331990
249348 90142
426152 403768
630349 740971
315507 17512
218781 742307
325333 574644
284499 814870
925778 498982
748311 183194
728151 747190
597715 665762
874361 627227
282645 819300
51266 641261
171997 771038
567004 464421
32198 495421
867389 419981
921459 921459
814870 808307
616211 51266
826762 310975
487981 1420
470150 522027
466043 734608
740971 493500
495421 748311
466192 722851
331990 567004
938715 817482
692250 520296
817482 276718
90142 937395
771038 486158
476360 523537
386307 63949
733444 448890
522027 597715
285994 630349
940333 37076
553689 349246
459815 327190
613860 567016
205606 23697
223421 302904
448890 616211
819300 10545
415394 789472
452365 294788
363351 458712
327190 887652
39424 222904
550101 629750
592563 734554
887493 938715
734554 874361
955197 639125
1197 176796
741447 671963
887652 232909
494995 613860
629750 867389
789472 337666
419981 205606
747190 707472
658323 728151
403768 535320
627227 426025
974782 999415
23697 363351
384491 466192
574644 597565
17512 847811
464421 223421
853224 411977
109634 490205
458712 925778
222904 199847
381602 608527
411977 592563
176796 225845
934986 507262
742307 888256
891425 126697
734608 955197
891264 692250
832089 487981
302904 531713
310975 325333
839902 741447
639125 809541
359198 550101
722851 494995
399090 437920
501713 658323
225845 839902
740745 826762
199847 415394
8870 8870
523537 315507
349246 891425
183194 465841
232909 308636
63949 354667
465841 381602
308636 740745
361192 361192
851794 851794
921344 921344
363075 363075
566646 566646
216734 216734
667927 667927
875941 875941
373567 373567
944791 944791
944791 944791
944791 944791
944791 944791
944791 944791
944791 944791
944791 944791
944791 944791
944791 944791
944791 944791
944791 944791
944791 944791
944791 944791
944791 944791
944791 944791
944791 944791
944791 944791
944791 944791
944791 944791
944791 944791
944791 944791
944791 944791
944791 944791
944791 944791
944791 944791
944791 944791
944791 944791
944791 944791
944791 944791
944791 944791
944791 944791
944791 944791
944791 944791
115 116
24 25
110 111
124 125
67 68
99 100
51 52
104 105
68 69
55 56
46 47
14 15
102 103
23 24
152 153
12 13
49 50
91 146
39 40
50 51
4 5
113 114
78 79
44 45
15 16
38 39
42 43
114 115
90 91
128 129
127 128
119 120
30 31
131 132
21 22
71 72
8 9
79 100
22 23
34 35
95 96
69 70
106 107
58 59
86 87
130 131
103 104
91 92
138 139
47 48
17 18
120 121
79 80
150 151
1 41
108 109
18 37
155 156
6 7
53 54
142 143
89 90
73 74
79 81
29 119
18 19
123 124
65 66
19 20
139 140
48 49
117 118
31 32
20 21
148 149
87 88
135 136
83 84
3 15
33 34
51 80
37 38
64 65
147 148
133 134
13 14
52 53
63 64
26 27
61 62
129 130
137 138
82 83
32 33
144 158
105 106
94 95
112 113
9 10
156 157
98 99
101 102
25 26
29 132
81 82
40 41
40 57
51 71
95 101
157 158
134 135
85 86
24 29
107 108
59 60
88 89
41 42
66 67
136 137
35 36
77 78
29 30
10 11
144 145
60 61
121 122
97 98
5 6
3 4
151 152
2 28
141 142
84 85
125 126
62 63
40 70
116 117
16 17
144 147
18 56
54 55
2 3
75 76
74 75
153 154
143 144
126 127
154 155
95 118
11 12
93 94
109 110
111 112
57 58
96 97
91 133
24 30
149 150
140 141
27 28
43 44
30 36
7 8
122 123
72 73
76 77
92 93
45 46
145 146
